([11, 11, 5, 1], [array([[  1.63391755e+00,  -1.27038928e+00,  -1.41382862e+00,
         -2.77393674e+00,  -8.63930133e-01,  -7.03117617e-01,
         -2.35496878e-01,  -6.00902664e-01,  -5.54410122e-01,
          4.84881198e-01,  -5.22617924e-03],
       [  2.43981426e-02,  -9.09053417e-01,   2.84159887e-01,
          3.94521940e-01,  -7.24677574e-02,   3.54134030e-01,
          4.53584389e-01,   4.52802422e-01,   7.50185474e-01,
          3.92331830e-01,  -1.08797015e+00],
       [ -2.64303744e+00,   1.48678693e+00,   1.29841516e-01,
         -2.16568919e-01,   9.59943622e-01,   3.83791615e-01,
         -5.53968478e-01,   1.21303943e+00,   6.55043076e-01,
          7.49694365e-03,   2.26165956e-01],
       [  5.97855043e-01,   3.30000210e+00,  -1.75827164e+00,
         -8.45833491e-01,   1.36283536e-01,   1.03417045e+00,
         -2.89720072e-01,   1.02071207e+00,  -2.86424930e-01,
         -3.81735646e-01,   1.40633755e-01],
       [ -2.05987111e+00,   8.57109146e-01,  -1.26390221e-01,
          6.00396075e-06,  -2.54922814e-01,   1.60859319e+00,
          3.44627469e-01,  -7.21240173e-01,   3.46458455e-01,
         -4.97487104e-01,  -3.28752561e-02],
       [  9.49638099e-01,  -6.99893425e-01,   6.51114189e-01,
          1.18147683e+00,   1.48817674e+00,  -8.56476334e-01,
         -9.80180930e-01,  -1.54077860e-01,  -1.17500903e+00,
          1.46441802e-01,  -7.31305139e-01],
       [  2.44283569e+00,  -9.88906657e-01,   1.71669432e+00,
         -2.39950824e-01,  -7.87559195e-01,  -4.77085502e-02,
          1.36317495e-01,  -1.06094797e+00,  -9.74296553e-01,
         -2.04860738e+00,  -5.93442399e-01],
       [ -5.96707337e-01,  -3.08346966e+00,   4.91789150e-02,
          2.00535480e-01,  -3.09654882e+00,   1.31176899e-01,
          3.38461334e-01,  -8.58190482e-03,  -4.02454525e-02,
          1.63310128e-01,   1.92334488e-01],
       [  1.58026422e+00,  -4.07879248e-01,  -2.18890237e-01,
         -2.63360768e+00,   9.10836203e-01,   6.03254041e-01,
          2.26834346e-01,   1.97072076e+00,  -3.70610174e-01,
          8.78791656e-01,  -7.83433241e-01],
       [ -7.16853766e-01,  -4.19381947e+00,  -8.27261740e-02,
          8.82055030e-02,   2.86180857e-01,   2.84811099e-01,
         -5.31089186e-01,  -2.81624034e-01,   2.11681569e-01,
          6.79414582e-01,  -7.82808487e-01],
       [ -1.40852910e+00,  -2.12991448e+00,   7.94431690e-02,
          3.00014316e-03,  -1.05269672e-01,   3.92172607e+00,
          1.34652406e-01,  -5.54939399e-02,  -2.27843932e-01,
          7.00276092e-02,  -2.08920067e-01]]), array([[-0.28919782,  0.32862133,  0.35532572,  0.29921118,  0.57985768,
         0.18197684, -0.10981804, -1.31015253,  0.39583847, -1.64626546,
        -1.15748112],
       [ 0.07171635, -1.33622822, -0.09426931, -0.41890048, -0.55530482,
        -1.81932533, -1.68788181, -0.02105052,  1.7697409 , -0.38831488,
        -2.04681862],
       [ 0.83956078, -2.16934291,  1.15278943,  0.41616999,  1.92252408,
        -0.23374965, -0.26664877, -3.15288153,  0.56351801, -3.69656676,
         4.56358378],
       [ 0.10565736,  0.368925  , -0.4511308 ,  1.03412567,  1.34562224,
        -2.12358964, -0.22743183,  1.33092567, -0.10384553,  1.60883221,
         0.88321015],
       [-0.48258216,  0.32618778,  1.29202973, -0.67094334,  1.58475627,
         0.99002957,  0.62415071, -0.76399638, -0.96118834, -0.81161661,
         0.34920586]]), array([[-2.74925384,  0.61216249,  5.32368005, -1.43470437, -1.46009433]])], [array([[ 0.11929068],
       [ 0.98631393],
       [-0.7640761 ],
       [-1.02026036],
       [ 0.680207  ],
       [ 1.13788585],
       [ 0.9613912 ],
       [ 1.04843887],
       [ 0.39248078],
       [-1.11827531],
       [ 2.7015159 ]]), array([[ 1.38634589],
       [-0.04130628],
       [-2.9867084 ],
       [ 1.09912278],
       [ 0.74249875]]), array([[-0.04600643]])])